Graph : 

data = {'_edge_attr_cls': <class 'torch_geometric.data.data.DataEdgeAttr'>, '_tensor_attr_cls': <class 'torch_geometric.data.data.DataTensorAttr'>, '_store': {'x': tensor([ 0.,  1.,  2.,  3.,  4.,  5.,  6.,  7.,  8.,  9., 10., 11., 12.],
       dtype=torch.float64), 'edge_index': tensor([[ 1,  0,  2,  0,  2,  1,  3,  0,  3,  2,  4,  0,  5,  1,  6,  1,  6,  5,
          8,  7,  9,  7,  7,  4,  9,  8,  7,  0,  3,  1, 10,  1, 11, 10, 10,  5,
          5,  0, 10,  0, 10,  7, 12,  6],
        [ 0,  1,  0,  2,  1,  2,  0,  3,  2,  3,  0,  4,  1,  5,  1,  6,  5,  6,
          7,  8,  7,  9,  4,  7,  8,  9,  0,  7,  1,  3,  1, 10, 10, 11,  5, 10,
          0,  5,  0, 10,  7, 10,  6, 12]])}}

Number of Epochs : 250
---------------------------------
Epoch : 0
--------------------------
Node ----- Embedding -----

 0 : [0.67 0.37 0.53 0.7  0.46]
 1 : [0.74 0.61 0.53 1.   0.15]
 2 : [0.53 0.31 0.34 0.54 0.67]
 3 : [0.22 0.26 0.6  0.63 0.  ]
 4 : [0.19 0.49 0.59 0.55 0.54]
 5 : [0.61 0.62 0.62 0.36 0.69]
 6 : [0.35 0.58 0.04 0.52 0.52]
 7 : [0.72 0.61 0.35 0.52 0.39]
 8 : [0.44 0.92 0.44 0.56 0.77]
 9 : [0.72 0.81 0.81 0.44 0.58]
10 : [0.77 0.59 0.61 0.5  0.5 ]
11 : [0.37 0.25 0.15 0.55 0.39]
12 : [0.59 0.56 0.61 0.64 0.73]
--------------------------

Epoch : 20
--------------------------
Node ----- Embedding -----

 0 : [0.66 0.41 0.56 0.66 0.47]
 1 : [0.77 0.6  0.45 1.   0.19]
 2 : [0.58 0.3  0.42 0.64 0.6 ]
 3 : [0.28 0.27 0.69 0.57 0.  ]
 4 : [0.24 0.56 0.67 0.54 0.54]
 5 : [0.7  0.55 0.53 0.45 0.61]
 6 : [0.42 0.64 0.04 0.59 0.56]
 7 : [0.68 0.71 0.43 0.44 0.45]
 8 : [0.51 0.94 0.51 0.51 0.73]
 9 : [0.67 0.81 0.78 0.36 0.53]
10 : [0.75 0.51 0.54 0.5  0.44]
11 : [0.44 0.3  0.18 0.45 0.47]
12 : [0.53 0.53 0.54 0.65 0.73]
--------------------------

Epoch : 40
--------------------------
Node ----- Embedding -----

 0 : [0.68 0.44 0.57 0.61 0.41]
 1 : [0.79 0.56 0.4  1.   0.2 ]
 2 : [0.56 0.24 0.47 0.68 0.54]
 3 : [0.31 0.25 0.67 0.56 0.  ]
 4 : [0.29 0.59 0.68 0.49 0.53]
 5 : [0.77 0.48 0.44 0.51 0.56]
 6 : [0.46 0.57 0.04 0.65 0.56]
 7 : [0.65 0.76 0.5  0.37 0.44]
 8 : [0.52 0.9  0.58 0.41 0.67]
 9 : [0.62 0.79 0.76 0.32 0.56]
10 : [0.77 0.48 0.48 0.45 0.41]
11 : [0.47 0.31 0.2  0.36 0.5 ]
12 : [0.48 0.51 0.49 0.66 0.75]
--------------------------

Epoch : 60
--------------------------
Node ----- Embedding -----

 0 : [0.74 0.45 0.62 0.59 0.33]
 1 : [0.79 0.5  0.4  1.   0.21]
 2 : [0.55 0.25 0.54 0.71 0.5 ]
 3 : [0.34 0.25 0.65 0.59 0.  ]
 4 : [0.35 0.63 0.73 0.47 0.48]
 5 : [0.81 0.44 0.4  0.56 0.53]
 6 : [0.49 0.53 0.03 0.73 0.59]
 7 : [0.67 0.81 0.59 0.29 0.4 ]
 8 : [0.5  0.9  0.65 0.37 0.66]
 9 : [0.56 0.78 0.76 0.33 0.63]
10 : [0.84 0.47 0.44 0.41 0.35]
11 : [0.5  0.34 0.23 0.3  0.52]
12 : [0.44 0.51 0.45 0.75 0.82]
--------------------------

Epoch : 80
--------------------------
Node ----- Embedding -----

 0 : [0.81 0.46 0.68 0.58 0.25]
 1 : [0.78 0.5  0.42 1.   0.21]
 2 : [0.59 0.24 0.61 0.72 0.45]
 3 : [0.33 0.25 0.64 0.63 0.01]
 4 : [0.41 0.63 0.75 0.47 0.43]
 5 : [0.85 0.41 0.35 0.6  0.53]
 6 : [0.52 0.52 0.   0.79 0.62]
 7 : [0.73 0.85 0.66 0.26 0.38]
 8 : [0.48 0.92 0.71 0.34 0.67]
 9 : [0.52 0.81 0.79 0.29 0.69]
10 : [0.89 0.48 0.42 0.38 0.33]
11 : [0.52 0.36 0.26 0.25 0.55]
12 : [0.39 0.52 0.42 0.8  0.88]
--------------------------

Epoch : 100
--------------------------
Node ----- Embedding -----

 0 : [0.85 0.46 0.69 0.59 0.17]
 1 : [0.81 0.44 0.39 1.   0.2 ]
 2 : [0.6  0.21 0.67 0.77 0.41]
 3 : [0.33 0.25 0.61 0.68 0.  ]
 4 : [0.46 0.64 0.81 0.45 0.38]
 5 : [0.86 0.39 0.31 0.64 0.52]
 6 : [0.54 0.5  0.   0.85 0.6 ]
 7 : [0.76 0.89 0.73 0.22 0.34]
 8 : [0.44 0.95 0.73 0.32 0.7 ]
 9 : [0.47 0.83 0.82 0.29 0.74]
10 : [0.94 0.46 0.38 0.36 0.29]
11 : [0.54 0.35 0.26 0.18 0.56]
12 : [0.34 0.49 0.38 0.86 0.96]
--------------------------

Epoch : 120
--------------------------
Node ----- Embedding -----

 0 : [0.93 0.49 0.73 0.61 0.1 ]
 1 : [0.81 0.41 0.39 0.99 0.21]
 2 : [0.61 0.21 0.73 0.8  0.38]
 3 : [0.32 0.27 0.63 0.72 0.05]
 4 : [0.51 0.67 0.86 0.44 0.35]
 5 : [0.91 0.41 0.3  0.69 0.52]
 6 : [0.57 0.51 0.   0.89 0.63]
 7 : [0.83 0.95 0.8  0.21 0.35]
 8 : [0.44 0.95 0.75 0.32 0.71]
 9 : [0.46 0.9  0.87 0.25 0.79]
10 : [1.   0.48 0.35 0.31 0.31]
11 : [0.56 0.35 0.25 0.18 0.58]
12 : [0.36 0.49 0.35 0.89 0.98]
--------------------------

Epoch : 140
--------------------------
Node ----- Embedding -----

 0 : [0.92 0.5  0.71 0.6  0.08]
 1 : [0.81 0.37 0.36 0.98 0.21]
 2 : [0.54 0.22 0.74 0.79 0.38]
 3 : [0.34 0.3  0.61 0.72 0.08]
 4 : [0.53 0.68 0.85 0.44 0.36]
 5 : [0.92 0.42 0.28 0.7  0.5 ]
 6 : [0.57 0.51 0.   0.93 0.65]
 7 : [0.86 0.95 0.81 0.18 0.35]
 8 : [0.4  0.97 0.78 0.24 0.73]
 9 : [0.46 0.91 0.86 0.24 0.79]
10 : [1.   0.5  0.35 0.28 0.31]
11 : [0.56 0.35 0.26 0.15 0.59]
12 : [0.34 0.49 0.31 0.91 1.  ]
--------------------------

Epoch : 160
--------------------------
Node ----- Embedding -----

 0 : [0.91 0.47 0.66 0.6  0.03]
 1 : [0.8  0.32 0.31 0.9  0.19]
 2 : [0.52 0.16 0.7  0.77 0.32]
 3 : [0.32 0.25 0.58 0.71 0.09]
 4 : [0.52 0.65 0.81 0.41 0.35]
 5 : [0.89 0.41 0.28 0.66 0.45]
 6 : [0.56 0.51 0.   0.92 0.61]
 7 : [0.81 0.93 0.79 0.16 0.37]
 8 : [0.4  0.92 0.74 0.23 0.68]
 9 : [0.42 0.89 0.83 0.2  0.75]
10 : [1.   0.45 0.29 0.27 0.26]
11 : [0.53 0.3  0.26 0.11 0.55]
12 : [0.3  0.47 0.3  0.84 0.92]
--------------------------

Epoch : 180
--------------------------
Node ----- Embedding -----

 0 : [0.89 0.46 0.68 0.6  0.  ]
 1 : [0.76 0.34 0.33 0.85 0.22]
 2 : [0.5  0.18 0.73 0.74 0.3 ]
 3 : [0.32 0.26 0.65 0.7  0.09]
 4 : [0.53 0.67 0.81 0.41 0.35]
 5 : [0.86 0.42 0.26 0.68 0.44]
 6 : [0.55 0.53 0.   0.93 0.64]
 7 : [0.81 0.91 0.8  0.15 0.33]
 8 : [0.39 0.91 0.75 0.21 0.68]
 9 : [0.41 0.88 0.82 0.18 0.73]
10 : [1.   0.47 0.3  0.2  0.27]
11 : [0.53 0.29 0.25 0.06 0.56]
12 : [0.28 0.46 0.28 0.83 0.91]
--------------------------

Epoch : 200
--------------------------
Node ----- Embedding -----

 0 : [0.91 0.5  0.66 0.59 0.03]
 1 : [0.77 0.3  0.35 0.86 0.22]
 2 : [0.5  0.18 0.73 0.76 0.28]
 3 : [0.33 0.23 0.67 0.74 0.07]
 4 : [0.53 0.68 0.82 0.41 0.38]
 5 : [0.89 0.42 0.25 0.7  0.43]
 6 : [0.56 0.52 0.   0.98 0.66]
 7 : [0.83 0.95 0.84 0.13 0.33]
 8 : [0.42 0.94 0.79 0.19 0.67]
 9 : [0.41 0.88 0.82 0.21 0.72]
10 : [1.   0.46 0.31 0.25 0.26]
11 : [0.54 0.26 0.25 0.05 0.58]
12 : [0.29 0.47 0.26 0.82 0.94]
--------------------------

Epoch : 220
--------------------------
Node ----- Embedding -----

 0 : [0.89 0.47 0.65 0.61 0.  ]
 1 : [0.77 0.26 0.34 0.84 0.18]
 2 : [0.46 0.16 0.72 0.76 0.24]
 3 : [0.34 0.19 0.63 0.77 0.06]
 4 : [0.53 0.71 0.82 0.39 0.37]
 5 : [0.88 0.41 0.21 0.7  0.42]
 6 : [0.55 0.5  0.01 0.97 0.62]
 7 : [0.78 0.92 0.82 0.15 0.34]
 8 : [0.38 0.93 0.79 0.18 0.65]
 9 : [0.39 0.85 0.8  0.21 0.69]
10 : [1.   0.42 0.28 0.2  0.24]
11 : [0.52 0.24 0.22 0.06 0.58]
12 : [0.21 0.43 0.24 0.81 0.96]
--------------------------

Epoch : 240
--------------------------
Node ----- Embedding -----

 0 : [0.92 0.5  0.65 0.62 0.  ]
 1 : [0.8  0.24 0.28 0.86 0.19]
 2 : [0.47 0.15 0.72 0.76 0.23]
 3 : [0.35 0.22 0.62 0.74 0.11]
 4 : [0.55 0.67 0.78 0.42 0.36]
 5 : [0.83 0.41 0.25 0.7  0.42]
 6 : [0.57 0.5  0.03 0.97 0.61]
 7 : [0.79 0.9  0.81 0.18 0.33]
 8 : [0.37 0.9  0.76 0.22 0.66]
 9 : [0.37 0.87 0.8  0.22 0.74]
10 : [1.   0.41 0.27 0.22 0.23]
11 : [0.54 0.22 0.23 0.06 0.57]
12 : [0.25 0.45 0.22 0.83 0.97]
--------------------------

