Graph : 

data = {'_edge_attr_cls': <class 'torch_geometric.data.graph_store.EdgeAttr'>, '_tensor_attr_cls': <class 'torch_geometric.data.feature_store.TensorAttr'>, '_global_store': {}, '_node_store_dict': {'id': {'x': tensor([ 0.,  1.,  2.,  3.,  4.,  5.,  6.,  7.,  8.,  9., 10., 11., 12., 13.,
        14., 15., 16., 17., 18., 19., 20., 21., 22., 23., 24., 25., 26., 27.,
        28., 29., 30.], dtype=torch.float64)}, 'skill': {'x': tensor([ 0.,  1.,  2.,  3.,  4.,  5.,  6.,  7.,  8.,  9., 10.],
       dtype=torch.float64)}, 'member': {'x': tensor([ 0.,  1.,  2.,  3.,  4.,  5.,  6.,  7.,  8.,  9., 10., 11., 12.],
       dtype=torch.float64)}}, '_edge_store_dict': {('skill', 'to', 'id'): {'edge_index': tensor([[ 0,  1,  1,  2,  1,  3,  1,  2,  3,  1,  4,  1,  4,  1,  5,  6,  6,  7,
          7,  8,  6,  7,  6,  7,  9,  1,  5,  5,  6,  7,  1,  9,  1, 10,  2,  7,
          1,  4,  1, 10,  1,  3,  1,  4,  0,  1,  7,  8,  6,  7,  8,  1,  6,  1,
          5,  7,  8,  5,  7,  1,  6,  0,  1,  7,  9,  7,  9],
        [ 0,  0,  1,  1,  2,  2,  3,  3,  3,  4,  4,  5,  5,  6,  6,  6,  7,  7,
          8,  8,  9,  9, 10, 10, 10, 11, 11, 12, 12, 12, 13, 13, 14, 14, 15, 15,
         16, 16, 17, 17, 18, 18, 19, 19, 20, 20, 21, 21, 22, 22, 22, 23, 23, 24,
         24, 25, 25, 26, 26, 27, 27, 28, 28, 29, 29, 30, 30]])}, ('id', 'to', 'skill'): {'edge_index': tensor([[ 0,  0,  1,  1,  2,  2,  3,  3,  3,  4,  4,  5,  5,  6,  6,  6,  7,  7,
          8,  8,  9,  9, 10, 10, 10, 11, 11, 12, 12, 12, 13, 13, 14, 14, 15, 15,
         16, 16, 17, 17, 18, 18, 19, 19, 20, 20, 21, 21, 22, 22, 22, 23, 23, 24,
         24, 25, 25, 26, 26, 27, 27, 28, 28, 29, 29, 30, 30],
        [ 0,  1,  1,  2,  1,  3,  1,  2,  3,  1,  4,  1,  4,  1,  5,  6,  6,  7,
          7,  8,  6,  7,  6,  7,  9,  1,  5,  5,  6,  7,  1,  9,  1, 10,  2,  7,
          1,  4,  1, 10,  1,  3,  1,  4,  0,  1,  7,  8,  6,  7,  8,  1,  6,  1,
          5,  7,  8,  5,  7,  1,  6,  0,  1,  7,  9,  7,  9]])}, ('id', 'to', 'member'): {'edge_index': tensor([[ 0,  0,  0,  1,  1,  2,  2,  3,  3,  3,  4,  4,  5,  5,  6,  6,  7,  7,
          8,  8,  9,  9, 10, 10, 11, 11, 12, 12, 12, 13, 13, 13, 14, 15, 15, 16,
         16, 17, 17, 18, 18, 18, 19, 19, 19, 20, 20, 20, 21, 21, 22, 22, 23, 23,
         24, 24, 25, 25, 25, 26, 26, 27, 27, 27, 27, 28, 28, 28, 29, 29, 30, 30],
        [ 0,  1,  2,  0,  2,  0,  3,  0,  2,  3,  0,  4,  0,  4,  0,  1,  1,  5,
          1,  5,  1,  6,  1,  6,  1,  2,  1,  5,  6,  1,  5,  6,  4,  7,  8,  7,
          9,  4,  7,  7,  8,  9,  0,  4,  7,  1,  2,  3,  1, 10,  1, 10, 10, 11,
         10, 11,  1,  5, 10,  5, 10,  0,  1,  5, 10,  0,  7, 10,  5,  6,  6, 12]])}, ('member', 'to', 'id'): {'edge_index': tensor([[ 0,  1,  2,  0,  2,  0,  3,  0,  2,  3,  0,  4,  0,  4,  0,  1,  1,  5,
          1,  5,  1,  6,  1,  6,  1,  2,  1,  5,  6,  1,  5,  6,  4,  7,  8,  7,
          9,  4,  7,  7,  8,  9,  0,  4,  7,  1,  2,  3,  1, 10,  1, 10, 10, 11,
         10, 11,  1,  5, 10,  5, 10,  0,  1,  5, 10,  0,  7, 10,  5,  6,  6, 12],
        [ 0,  0,  0,  1,  1,  2,  2,  3,  3,  3,  4,  4,  5,  5,  6,  6,  7,  7,
          8,  8,  9,  9, 10, 10, 11, 11, 12, 12, 12, 13, 13, 13, 14, 15, 15, 16,
         16, 17, 17, 18, 18, 18, 19, 19, 19, 20, 20, 20, 21, 21, 22, 22, 23, 23,
         24, 24, 25, 25, 25, 26, 26, 27, 27, 27, 27, 28, 28, 28, 29, 29, 30, 30]])}}}

Number of Epochs : 10
---------------------------------
Epoch : 0
--------------------------
Node ----- Embedding -----

 0 : [0.2  0.53 0.24 0.43 0.43]
 1 : [0.26 0.57 0.26 0.28 0.53]
 2 : [0.33 0.32 0.35 0.56 0.54]
 3 : [0.57 0.22 0.34 0.67 0.16]
 4 : [0.54 0.66 0.54 0.28 0.41]
 5 : [0.42 0.63 0.39 0.37 0.41]
 6 : [0.21 0.38 0.66 0.6  0.54]
 7 : [0.52 0.   0.33 0.56 0.52]
 8 : [0.28 0.47 0.44 0.43 0.88]
 9 : [0.75 0.42 0.21 0.38 0.33]
10 : [0.23 0.4  0.42 0.46 0.56]
11 : [0.2  0.53 0.08 0.32 0.19]
12 : [0.57 0.23 0.59 0.24 0.53]
13 : [0.46 0.5  0.67 0.68 0.45]
14 : [0.83 0.48 0.56 0.47 0.54]
15 : [0.17 0.67 0.92 0.51 0.53]
16 : [0.28 0.84 0.49 0.6  0.29]
17 : [0.46 0.22 0.17 0.15 0.47]
18 : [0.13 0.14 0.83 0.31 0.38]
19 : [0.75 0.52 0.35 0.46 0.78]
20 : [0.38 0.6  0.58 0.72 0.36]
21 : [0.45 0.55 0.39 0.15 0.59]
22 : [0.45 0.23 0.37 0.23 0.36]
23 : [0.64 0.09 0.54 0.38 0.46]
24 : [0.58 0.63 0.43 0.42 0.41]
25 : [0.66 0.46 0.32 0.72 0.42]
26 : [0.55 0.43 0.36 0.65 0.47]
27 : [0.71 0.34 0.46 0.62 0.55]
28 : [0.38 0.64 0.38 0.54 0.43]
29 : [0.5  0.61 0.5  0.51 0.48]
30 : [0.54 0.68 0.46 0.48 0.38]
31 : [0.15 0.47 0.09 0.6  0.35]
32 : [0.36 0.5  0.4  0.55 0.49]
33 : [0.39 0.43 0.56 0.3  0.2 ]
34 : [0.43 0.6  0.49 0.59 0.24]
35 : [0.46 0.65 0.46 0.68 0.47]
36 : [0.41 0.67 0.51 0.52 0.71]
37 : [0.65 0.6  0.45 0.48 0.29]
38 : [0.35 0.2  0.65 0.49 0.62]
39 : [0.68 0.74 0.53 0.47 0.53]
40 : [0.56 0.62 0.41 0.41 0.53]
41 : [0.4  0.09 0.29 0.22 0.43]
42 : [0.3  0.36 0.47 0.23 0.51]
43 : [0.18 0.76 0.58 0.29 0.23]
44 : [0.62 0.4  0.32 0.57 0.22]
45 : [0.46 0.72 0.56 0.55 0.57]
46 : [0.78 0.31 0.48 0.63 0.47]
47 : [0.46 0.55 0.55 0.76 0.47]
48 : [0.32 0.56 0.55 0.25 0.42]
49 : [0.7  0.63 0.6  0.39 0.41]
50 : [0.59 0.43 0.58 0.45 0.49]
51 : [0.49 1.   0.49 0.36 0.48]
52 : [0.55 0.63 0.23 0.3  0.32]
53 : [0.47 0.26 0.29 0.59 0.52]
54 : [0.43 0.69 0.51 0.51 0.31]
55 : [0.   0.37 0.42 0.49 0.56]
--------------------------

