Graph : 

data = {'_edge_attr_cls': <class 'torch_geometric.data.graph_store.EdgeAttr'>, '_tensor_attr_cls': <class 'torch_geometric.data.feature_store.TensorAttr'>, '_global_store': {}, '_node_store_dict': {'id': {'x': tensor([ 0.,  1.,  2.,  3.,  4.,  5.,  6.,  7.,  8.,  9., 10., 11., 12., 13.,
        14., 15., 16., 17., 18., 19., 20., 21., 22., 23., 24., 25., 26., 27.,
        28., 29., 30.], dtype=torch.float64)}, 'skill': {'x': tensor([ 0.,  1.,  2.,  3.,  4.,  5.,  6.,  7.,  8.,  9., 10.],
       dtype=torch.float64)}, 'member': {'x': tensor([ 0.,  1.,  2.,  3.,  4.,  5.,  6.,  7.,  8.,  9., 10., 11., 12.],
       dtype=torch.float64)}}, '_edge_store_dict': {('skill', 'to', 'id'): {'edge_index': tensor([[ 0,  1,  1,  2,  1,  3,  1,  2,  3,  1,  4,  1,  4,  1,  5,  6,  6,  7,
          7,  8,  6,  7,  6,  7,  9,  1,  5,  5,  6,  7,  1,  9,  1, 10,  2,  7,
          1,  4,  1, 10,  1,  3,  1,  4,  0,  1,  7,  8,  6,  7,  8,  1,  6,  1,
          5,  7,  8,  5,  7,  1,  6,  0,  1,  7,  9,  7,  9],
        [ 0,  0,  1,  1,  2,  2,  3,  3,  3,  4,  4,  5,  5,  6,  6,  6,  7,  7,
          8,  8,  9,  9, 10, 10, 10, 11, 11, 12, 12, 12, 13, 13, 14, 14, 15, 15,
         16, 16, 17, 17, 18, 18, 19, 19, 20, 20, 21, 21, 22, 22, 22, 23, 23, 24,
         24, 25, 25, 26, 26, 27, 27, 28, 28, 29, 29, 30, 30]])}, ('id', 'to', 'skill'): {'edge_index': tensor([[ 0,  0,  1,  1,  2,  2,  3,  3,  3,  4,  4,  5,  5,  6,  6,  6,  7,  7,
          8,  8,  9,  9, 10, 10, 10, 11, 11, 12, 12, 12, 13, 13, 14, 14, 15, 15,
         16, 16, 17, 17, 18, 18, 19, 19, 20, 20, 21, 21, 22, 22, 22, 23, 23, 24,
         24, 25, 25, 26, 26, 27, 27, 28, 28, 29, 29, 30, 30],
        [ 0,  1,  1,  2,  1,  3,  1,  2,  3,  1,  4,  1,  4,  1,  5,  6,  6,  7,
          7,  8,  6,  7,  6,  7,  9,  1,  5,  5,  6,  7,  1,  9,  1, 10,  2,  7,
          1,  4,  1, 10,  1,  3,  1,  4,  0,  1,  7,  8,  6,  7,  8,  1,  6,  1,
          5,  7,  8,  5,  7,  1,  6,  0,  1,  7,  9,  7,  9]])}, ('id', 'to', 'member'): {'edge_index': tensor([[ 0,  0,  0,  1,  1,  2,  2,  3,  3,  3,  4,  4,  5,  5,  6,  6,  7,  7,
          8,  8,  9,  9, 10, 10, 11, 11, 12, 12, 12, 13, 13, 13, 14, 15, 15, 16,
         16, 17, 17, 18, 18, 18, 19, 19, 19, 20, 20, 20, 21, 21, 22, 22, 23, 23,
         24, 24, 25, 25, 25, 26, 26, 27, 27, 27, 27, 28, 28, 28, 29, 29, 30, 30],
        [ 0,  1,  2,  0,  2,  0,  3,  0,  2,  3,  0,  4,  0,  4,  0,  1,  1,  5,
          1,  5,  1,  6,  1,  6,  1,  2,  1,  5,  6,  1,  5,  6,  4,  7,  8,  7,
          9,  4,  7,  7,  8,  9,  0,  4,  7,  1,  2,  3,  1, 10,  1, 10, 10, 11,
         10, 11,  1,  5, 10,  5, 10,  0,  1,  5, 10,  0,  7, 10,  5,  6,  6, 12]])}, ('member', 'to', 'id'): {'edge_index': tensor([[ 0,  1,  2,  0,  2,  0,  3,  0,  2,  3,  0,  4,  0,  4,  0,  1,  1,  5,
          1,  5,  1,  6,  1,  6,  1,  2,  1,  5,  6,  1,  5,  6,  4,  7,  8,  7,
          9,  4,  7,  7,  8,  9,  0,  4,  7,  1,  2,  3,  1, 10,  1, 10, 10, 11,
         10, 11,  1,  5, 10,  5, 10,  0,  1,  5, 10,  0,  7, 10,  5,  6,  6, 12],
        [ 0,  0,  0,  1,  1,  2,  2,  3,  3,  3,  4,  4,  5,  5,  6,  6,  7,  7,
          8,  8,  9,  9, 10, 10, 11, 11, 12, 12, 12, 13, 13, 13, 14, 15, 15, 16,
         16, 17, 17, 18, 18, 18, 19, 19, 19, 20, 20, 20, 21, 21, 22, 22, 23, 23,
         24, 24, 25, 25, 25, 26, 26, 27, 27, 27, 27, 28, 28, 28, 29, 29, 30, 30]])}}}

Number of Epochs : 1
---------------------------------
Epoch : 0
--------------------------
Node ----- Embedding -----

 0 : [0.61 0.61 0.44 0.64 0.52]
 1 : [0.27 0.99 0.52 0.68 0.41]
 2 : [0.34 0.48 0.59 0.44 0.24]
 3 : [0.69 0.86 0.63 0.75 0.46]
 4 : [0.66 0.55 0.47 0.67 0.66]
 5 : [0.29 0.52 0.51 0.54 0.21]
 6 : [0.82 0.83 0.71 0.67 0.43]
 7 : [0.59 0.36 0.51 0.56 0.5 ]
 8 : [0.75 0.32 0.79 0.58 0.6 ]
 9 : [0.32 0.65 0.63 0.27 0.84]
10 : [0.68 0.86 0.36 0.65 0.59]
11 : [0.31 0.98 0.48 0.46 0.53]
12 : [0.46 0.66 0.75 0.8  0.33]
13 : [0.86 0.36 0.32 0.62 0.3 ]
14 : [0.38 0.69 0.26 0.47 0.63]
15 : [0.55 0.52 0.21 0.45 0.7 ]
16 : [0.26 0.32 0.62 0.47 0.68]
17 : [0.75 0.79 0.83 0.41 0.54]
18 : [0.67 0.38 0.58 0.39 0.75]
19 : [0.52 0.63 0.39 0.56 0.56]
20 : [0.35 0.44 0.42 0.8  0.72]
21 : [0.65 0.46 0.64 0.11 0.44]
22 : [0.53 0.64 0.18 0.43 0.62]
23 : [0.58 0.69 0.41 0.39 0.31]
24 : [0.58 0.43 0.56 0.69 0.26]
25 : [0.24 0.25 0.66 0.95 0.66]
26 : [0.36 0.71 0.38 0.62 0.3 ]
27 : [0.54 0.57 0.23 0.73 0.42]
28 : [0.59 0.49 0.24 0.21 0.73]
29 : [0.68 0.5  0.3  0.62 0.69]
30 : [0.68 0.58 0.44 0.39 0.22]
31 : [0.64 0.79 0.57 0.44 0.52]
32 : [0.71 0.6  0.3  0.77 0.92]
33 : [0.38 0.81 0.74 0.49 0.42]
34 : [0.38 0.86 0.8  0.67 0.62]
35 : [0.64 0.68 0.14 0.38 0.75]
36 : [0.51 0.69 0.47 0.46 0.4 ]
37 : [0.32 0.32 0.46 0.24 0.42]
38 : [0.25 0.79 0.42 0.6  0.5 ]
39 : [0.52 0.5  0.48 0.47 0.65]
40 : [0.35 0.32 0.3  0.25 0.76]
41 : [0.44 0.4  0.77 0.   0.36]
42 : [0.35 0.61 0.38 0.48 0.45]
43 : [0.56 0.57 0.48 0.55 0.44]
44 : [0.22 0.34 0.59 0.66 1.  ]
45 : [0.87 0.4  0.59 0.97 0.4 ]
46 : [0.63 0.33 0.71 0.35 0.5 ]
47 : [0.34 0.45 0.64 0.26 0.67]
48 : [0.6  0.55 0.82 0.34 0.59]
49 : [0.63 0.52 0.67 0.59 0.58]
50 : [0.47 0.67 0.57 0.55 0.75]
51 : [0.67 0.52 0.71 0.49 0.6 ]
52 : [0.66 0.55 0.27 0.42 0.62]
53 : [0.4  0.36 0.22 0.66 0.68]
54 : [0.81 0.57 0.26 0.65 0.99]
55 : [0.47 0.59 0.75 0.19 0.44]
--------------------------

