Graph : 

data = {'_edge_attr_cls': <class 'torch_geometric.data.data.DataEdgeAttr'>, '_tensor_attr_cls': <class 'torch_geometric.data.data.DataTensorAttr'>, '_store': {'x': tensor([ 0.,  1.,  2.,  3.,  4.,  5.,  6.,  7.,  8.,  9., 10., 11., 12.],
       dtype=torch.float64), 'edge_index': tensor([[ 1,  0,  2,  0,  2,  1,  3,  0,  3,  2,  4,  0,  5,  1,  6,  1,  6,  5,
          8,  7,  9,  7,  7,  4,  9,  8,  7,  0,  3,  1, 10,  1, 11, 10, 10,  5,
          5,  0, 10,  0, 10,  7, 12,  6],
        [ 0,  1,  0,  2,  1,  2,  0,  3,  2,  3,  0,  4,  1,  5,  1,  6,  5,  6,
          7,  8,  7,  9,  4,  7,  8,  9,  0,  7,  1,  3,  1, 10, 10, 11,  5, 10,
          0,  5,  0, 10,  7, 10,  6, 12]])}}

Number of Epochs : 11
---------------------------------
Epoch : 0
--------------------------
Node ----- Embedding -----

 0 : [0.67 0.37 0.53 0.7  0.46]
 1 : [0.74 0.61 0.53 1.   0.15]
 2 : [0.53 0.31 0.34 0.54 0.67]
 3 : [0.22 0.26 0.6  0.63 0.  ]
 4 : [0.19 0.49 0.59 0.55 0.54]
 5 : [0.61 0.62 0.62 0.36 0.69]
 6 : [0.35 0.58 0.04 0.52 0.52]
 7 : [0.72 0.61 0.35 0.52 0.39]
 8 : [0.44 0.92 0.44 0.56 0.77]
 9 : [0.72 0.81 0.81 0.44 0.58]
10 : [0.77 0.59 0.61 0.5  0.5 ]
11 : [0.37 0.25 0.15 0.55 0.39]
12 : [0.59 0.56 0.61 0.64 0.73]
--------------------------

